1
1
1
1
1
1
1
1
1
1
1
1
1
1
1
1
1
1
1
1
1
1
1
1
1
1
1
1
1
1
1
1
0.4607801274
0.7986718408
0.8598909412
0.265700636
0.0196352043
0.1853746416
0.7202247428
0.0786403272
0.0128099515
0.6048256942
0.1709192206
0.4015207492
0.6686481724
0.3646934511
0.2554087831
0.2554087831
0.752547848
0.8839345221
0.725591503
0
0.7939827194
0.9566606678
0.8213381345
0.351344823
0.351344823
0.2407316613
0.188292245
0.188292245
0.7843867934
0.5286547089
0.4850104765
0.6080214493
0.4186854174
0.1700509131
0.0896639364
0.4495559361
0.129112438
0.0496966523
0.0022577616
0.0062824061
0.0565905528
0.0464676566
0.0370508495
0.0826211518
0.6516782122
0.9424169793
0.0065303452
0.0160455563
0.0153719149
0.0095156567
0.3771808459
0.0975625009
0.330366355
0.148401924
0.1313733331
0.7050481284
0.2163115444
0.4842838929
0.0337158769
0.2711821946
0.1980080841
0.3813528009
3.13E-05
0.000634751
0.0131554146
0.5523386436
0.2020344749
0.0289962719
0.0457113891
0.2031553989
0.395323852
0.1728278481
0.0052647821
0.1532591973
0.5439546008
0.091351948
0.4658097941
0.0129662701
0.2272952153
0.0385199373
0.4658097941
0.0129662701
0.2272952153
0.0385199373
0.1297685402
0.0687985253
0.0061978234
0.0426872631
0.0809651698
0.001435674
0.0155341421
0.018130492
0.0192705439
0.2551379531
0
0
0
0
0.0370120699
0.1329648457
0.0169021216
0.0191382433
0.0111888626
0.0321504696
0.0454282656
0.1145143232
0.0059969368
0.0127223399
0.2921620122
0.3564931647
0.2921620122
0.3564931647
0.4437047464
0.112062211
0.0816562153
0.1218451661
0.6061790034
0.1404038937
0.035071047
0.0300538109
0.6061790034
0.1404038937
0.035071047
0.0300538109
0.1081871168
0.1074260899
0.041254492
0.430090799
0.3474536724
0.1675358511
0.1014347038
0.2358589147
0.0241173916
0.0305675406
0.4174599906
0.163854592
0.0166791837
0.8132699032
0.0032611726
0.0107177286

