1398.9248547941
6519.8651318702
3154.7629130103
495.7524601985
178.637555412
44.072155558
101.9386519407
10.9635509862
787.1856690978
435.3504695166
4891.843870417
72243.3524639286
53655.7169496005
6548.7353241517
61210.2128109372
381.3173332492
856.4826586779
11600.5525160047
7791.7772457205
7767.5744437082
3213.3373526695
1870.8412229377
5957.1630363642
163.6462766129
344.8163896415
140.6169459289
2606.9042484011
207.7488999383
122.8934586524
0.327396358
9055.2848674334
8.2791039621
306.2297108498
18160.7671851411
29530.046265661
1423.5340869979
33197.5202758752
23593.2010409446
17004.9681224081
4654.849643361
959.1515141596
819.9505744184
30328.5510682405
314.4276289974
511.270385047
234.1206516544
5459.8096043409
1097.789391202
791.2395427017
493.0497658524
270.3157754223
166.3597691822
3084.1516730376
2189.8968037493
1295.4292050864
0.2566594948
2475.6777690504
35.0162050473
649.1670907629
1329.9985588497
786.7580668217
2.3506071912
12769.1324995904
14.8216909178
548.2286663883
3235.9902932025
5261.8340458483
77.4877083295
1807.0517537259
1685.0130109011
1214.485159792
6563.9450035981
166.6896635459
11.6011451145
429.1062571739
2145767.15897403
3489092.87993532
20404.2492161168
475837.20211053
15631.8962487766
11266.8008441043
85.686461803
979.0789167073
13.2951141482
491.7632366896
552.4791706474
898.350565464
741.3982332214
17289.7741646436
7467.2636209867
5382.0835763714
503.2934041255
51.5233984575
52.6085627327
1.23E+04
6299.4473416329
28.4029955453
3.0593228582
562.5509437564
1250.6587493916
978.1314690491
1718.657437797
36727.9976807942
217.7024742838
1207.9733548226
37.5878194136
906.9309669444
313.9081533649
73436.791871937
435527.448101527
1963.7094331299
53.1643275848
4533.6398220419
2142.3581957575
1391.8591430236
37662.4593252522
14095.1477138745
100.1406586773
2378.9205120794
9883.6414683441
7016.3683697147
431.7395376833
4533.6398220419
2142.3581957575
1391.8591430236
37662.4593252521
14095.1477138745
100.1406586773
2378.9205120794
9883.6414683441
7016.3683697147
431.7395376833
1538.6814713884
7690.087510473
4996.1386631328
7098.1408170683
2656.4739823928
3672.4977642402
87243.0876460405
8918.755208976
6331.3984168602
146.5289818281
3074.4439359295
31712.4899246887
64881.0075221405
3554498.94724155
147287.78605054
3956.269181437
18044.3369658589
7186.9696178793
18966.1069802153
219.3203749569
249.4140466076
1607.2568119759
25874.0597842411
1366.3478946322
2019.1249942696
503.252059148
291.5419841762
2201.4250367616
8395.4613171065
1208.8413329102
2492.9212613582
10736.5746612564
14379.0253428638
4861.2630679917
8418.7421826427
14.0052624708
77.7445291137
587.0466764698
2238.7896845618
322.3576887761
664.7790030289
2863.0865763351
3834.406758097
1296.3368181311
2244.9979153714
3.7347366589
54.8428766156
1114.1456877143
6940.8472209306
1171.3727977149
5557.9284386644
144.9730444954
109.4119550105
1097.6472557434
2750.2635097851
741.738663556
933.1432729566
11148.7368345523
8178.055481932
710.8190852822
7146.1075408334
61.9905577477
618.3615481404
675.166929429
71.8170345
2.7551981639
95.2600337276
39.7317677108
334.4352931344
333.7261683468
150.7303484437
67.4281705405
75.5909971988
19.7745159754
56.1826822799
7.9443604508
98.5698006749
301.0460718356
2723.7447193208
3615.5099086545
6391.6850707751
4201.4043609228
174.8358422278
46.9522877436
179.4927414747
39.2575313876
24.5326441788
34.6940079072
148.0843774423
307.7074714638
542.5662657361
300.4067283868
753.7118944715
67.1929677166
57.6199755902
1.401227287
23.2519339032
29.1646763627
80.5096279088
37.177824798
801.9310825224
603.070364388
364.8151891031
5.1201614904
24394.1698522855
173999.13437125
48636.5537191158
46095.3993714886
32901.0698055097
4110.7694693101
12937.4368432221
146637.047604948
454203.647443567
41730.585226119
622015.117976389
504550.464785197
4568.1386462466
5685.923788673
15426.3082153782
30560.1900090709
171115.511233801
58613.1314275244
222.3356054842
346.8715911375
1128.5846534325
61.3826702282
425.6365831098
16.178472677
48680.8642709575
35137.124035181
27604.4019276905
1223.3099300988
2.0017281471
25.9619954688
10.0460881392
86.6246083485
91.0285606403
59.508754385
72.4573127252
1338.2808508106
727.0702562928
27.2073739631
0.0325298658
58.9614920444
0
0
0
0

